0.0914
1.7402
0.32
0.02
0.04
3
5
2.24
0.4634
13.273
0.4634
1.4
0.87
16.294
1.1861
7.301
59.8111
1.077
0.3537
2.8904
0.2929
1.0673
1.11
0.801
0.1917
1.1129
0.1495
0.2634
1.3004
0.15
2.9
26.2
0.1124
1.1998
0.49
0.57
0.0033
0.0572
0.63
0.57
9
1
0.56
0.12
0.3
0.05
0.12
0.24
0.02
3.6
2.16
0.75
0.24
0.06
0.12
0.45
0.06
0.09
0.003
0.09
0.01
8
2
3
0.004
0.9789
2.9
0.1124
1.188
1.8109
0.7467
1.5281
1.058
1
1
1
0.56
1.35
0.13
0.58
1.39
15
30
1.1011
0.5
0.1
