   9.1400000e-02
   1.7402000e+00
   3.2000000e-01
   2.0000000e-02
   4.0000000e-02
   3.0000000e+00
   5.0000000e+00
   2.2400000e+00
   4.6340000e-01
   1.3273000e+01
   4.6340000e-01
   1.4000000e+00
   8.7000000e-01
   1.6294000e+01
   1.1861000e+00
   7.3010000e+00
   5.9811100e+01
   1.0700000e+00
   3.0000000e-01
   2.8904000e+00
   2.9290000e-01
   1.0673000e+00
   6.1220000e-01
   8.0100000e-01
   1.9170000e-01
   1.1129000e+00
   1.4950000e-01
   2.6340000e-01
   1.3004000e+00
   2.5000000e-01
   2.9000000e+00
   2.6200000e+01
   1.1240000e-01
   1.1998000e+00
   4.9000000e-01
   5.7000000e-01
   3.3000000e-03
   5.7200000e-02
   6.3000000e-01
   5.7000000e-01
   4.0000000e+00
   1.0000000e+00
   5.6000000e-01
   1.2000000e-01
   3.0000000e-01
   5.0000000e-02
   1.2000000e-01
   2.4000000e-01
   2.0000000e-02
   3.6000000e+00
   2.1600000e+00
   7.5000000e-01
   2.4000000e-01
   6.0000000e-02
   1.2000000e-01
   4.5000000e-01
   6.0000000e-02
   9.0000000e-02
   3.0000000e-03
   9.0000000e-02
   1.0000000e-02
   8.0000000e+00
   2.0000000e+00
   3.0000000e+00
   9.0000000e-03
   9.7890000e-01
   2.9000000e+00
   1.1240000e-01
   1.1880000e+00
   1.8109000e+00
   7.4670000e-01
   1.5281000e+00
   1.0580000e+00
   1.0000000e+00
   1.0000000e+00
   1.0000000e+00
   3.4640000e-01
   1.4525000e+00
   2.1140000e-01
   7.0200000e-01
   1.6520000e+00
   1.5000000e+01
   3.0000000e+01
   1.1011000e+00
   5.0000000e-01
   1.0000000e-01
   1.0000000e+00
   5.0000000e-01
   2.5000000e+01
   1.2000000e+00
   1.5000000e+00
   1.0000000e+00
   7.5000000e-01
   1.2000000e+00
